 seed =  1477251365
  598   2  48    1500     500  0.700000000000E-01  0.800000000000E+00  0.208333330000E-01      127649   0  0.419249E+02  3030436f6d62696e6564206d756c7469706c65207265637572736976652067656e657261746f72000000000200000004580d1125000000000000000000000004b504f2ed601f7d0cd00540f127bb2ee687b0b0fd015332ea5476259d31cb41e2271e362b3956c1a8 -0.422949340664E+00 -0.846683263724E+00  0.161194125882E+01  0.255000004080E-01  0.589735252491E-04  0.177096346423E+04  0.123814921080E+06  0.754336336591E+02  0.246482627285E+02  0.610018535530E+02  0.105701483802E+03  0.448852135417E+02  0.418660221660E+04  0.678987620755E+01  0.406113425227E+01  0.602017595700E+01
  598   2  64    1500     500  0.690000000000E-01  0.800000000000E+00  0.156250000000E-01      298895   0  0.101877E+03  3030436f6d62696e6564206d756c7469706c65207265637572736976652067656e657261746f72000000000300000004580d1125000000000000000000000004b504f2eb21ecc81920f9fabd27bb2ee687b0b0fd758b12a65b59616d58301f3d2b6ad1487c1ea165 -0.422710128544E+00 -0.846479690552E+00  0.161154720976E+01  0.230312500000E-01  0.332183837891E-04  0.339489484217E+04  0.340246666973E+06  0.131534269850E+03  0.422571068887E+02  0.105071473911E+03  0.178915778148E+03  0.634144697266E+02  0.823451425824E+04  0.868567099727E+01  0.518565024989E+01  0.779166113801E+01
  598   2  64    1500     500  0.600000000000E-01  0.800000000000E+00  0.156250000000E-01      297811   0  0.100197E+03  3030436f6d62696e6564206d756c7469706c65207265637572736976652067656e657261746f72000000000200000004580d1125000000000000000000000004b504f2ed2c145791198b1ddf27bb2ee687b0b0fd2679034d269c9f1b3e7a6efb56ecf44b077524da -0.422796050357E+00 -0.845615345001E+00  0.160875594918E+01  0.239062500000E-02  0.146484375000E-05  0.881848374892E+03  0.301247702794E+05  0.141819099072E+03  0.448468553313E+02  0.115190371417E+03  0.182172655487E+03  0.254356281738E+02  0.169698329860E+04  0.937209074409E+01  0.543502197709E+01  0.846758323360E+01
  598   2  64    1500     500  0.620000000000E-01  0.800000000000E+00  0.156250000000E-01      298574   0  0.100384E+03  3030436f6d62696e6564206d756c7469706c65207265637572736976652067656e657261746f72000000000200000004580d1125000000000000000000000004b504f2ed522f3752eaa4fe6727bb2ee687b0b0fd64115919077d362b11c040a632c132f5427f38c3 -0.423215237336E+00 -0.845638690948E+00  0.160969586167E+01  0.628125000000E-02  0.450897216797E-05  0.139791526892E+04  0.672432882367E+05  0.145413931212E+03  0.447281047394E+02  0.116229717604E+03  0.188093276036E+03  0.320113779297E+02  0.249390231603E+04  0.930483060395E+01  0.539720932921E+01  0.839077159043E+01
  598   2  80    1500     500  0.690000000000E-01  0.800000000000E+00  0.125000000000E-01      579344   0  0.243959E+03  3030436f6d62696e6564206d756c7469706c65207265637572736976652067656e657261746f72000000000000000004580d1125000000000000000000000004b504f32d6b506f1c1cb80c1d27bb2ee687b0b0fd72c94a6d0de524d83e07925272bd06485a5e32b6 -0.422845820649E+00 -0.846407128906E+00  0.161154045593E+01  0.206125000000E-01  0.224257812500E-04  0.597476877405E+04  0.831256811356E+06  0.200026758032E+03  0.629132466318E+02  0.155439012823E+03  0.274424389088E+03  0.913616360938E+02  0.166050089725E+05  0.106416321343E+02  0.620320897608E+01  0.942029137809E+01
  598   2  80    1500     500  0.600000000000E-01  0.800000000000E+00  0.125000000000E-01      577942   0  0.238330E+03  3030436f6d62696e6564206d756c7469706c65207265637572736976652067656e657261746f72000000000300000004580d1125000000000000000000000004b504f2eb7ea6925bec9f0f4627bb2ee687b0b0fd6a6ad4fc020b82fd292a88c94bed2e3358058d00 -0.422891729710E+00 -0.845519468750E+00  0.160873825383E+01  0.143750000000E-02  0.507812500000E-06  0.993468637142E+03  0.320103695102E+05  0.212422569450E+03  0.674676833028E+02  0.172207392306E+03  0.262963218172E+03  0.244334164063E+02  0.160648574899E+04  0.111517498542E+02  0.643857246185E+01  0.100465361803E+02
  598   2  64    1500     500  0.640000000000E-01  0.800000000000E+00  0.156250000000E-01      298489   0  0.100470E+03  3030436f6d62696e6564206d756c7469706c65207265637572736976652067656e657261746f72000000000200000004580d1125000000000000000000000004b504f2ed9086c949b1f933af27bb2ee687b0b0fd4af6d3df1bdc40d1061b566918fab4231be9c017 -0.422522019813E+00 -0.846198886871E+00  0.161043488259E+01  0.950000000000E-02  0.729370117187E-05  0.176135805459E+04  0.101373936567E+06  0.147064000272E+03  0.444828659911E+02  0.114586704587E+03  0.188278613465E+03  0.385837705078E+02  0.344547899773E+04  0.933800858375E+01  0.538578152575E+01  0.841003279984E+01
  598   2  96    1500     500  0.690000000000E-01  0.800000000000E+00  0.104166670000E-01      996239   0  0.440760E+03  3030436f6d62696e6564206d756c7469706c65207265637572736976652067656e657261746f72000000000100000004580d1125000000000000000000000004b504f30577bd96b376bbc46327bb2ee687b0b0fd37138fd41fe92cca46d88ce11055621a26723bca -0.423399220411E+00 -0.846457944477E+00  0.161167170032E+01  0.182499994160E-01  0.140313038045E-04  0.942772577456E+04  0.172691806986E+07  0.284433953370E+03  0.900250860700E+02  0.225903271312E+03  0.381950961346E+03  0.115530102431E+03  0.263427684821E+05  0.125575181144E+02  0.734090344511E+01  0.112995515397E+02
  598   2  64    1500     500  0.660000000000E-01  0.800000000000E+00  0.156250000000E-01      298539   0  0.100643E+03  3030436f6d62696e6564206d756c7469706c65207265637572736976652067656e657261746f72000000000200000004580d1125000000000000000000000004b504f2ed66b5d2fb3086120d27bb2ee687b0b0fd7ec1923e1b10e77416557c3a4b820cf24b9b365c -0.423204257220E+00 -0.846179439545E+00  0.161099962908E+01  0.132656250000E-01  0.128173828125E-04  0.243560998243E+04  0.180994503690E+06  0.137760948744E+03  0.440275770191E+02  0.110435385118E+03  0.187803841004E+03  0.483034680176E+02  0.512607771311E+04  0.915309217376E+01  0.530153111823E+01  0.814277156684E+01
  598   2  80    1500     500  0.700000000000E-01  0.800000000000E+00  0.125000000000E-01      579920   0  0.244609E+03  3030436f6d62696e6564206d756c7469706c65207265637572736976652067656e657261746f72000000000000000004580d1125000000000000000000000004b504f32da0f00410901c982a27bb2ee687b0b0fd03c390152b90248a43b4500843e6095f0724efcd -0.423256320424E+00 -0.846419652344E+00  0.161221609446E+01  0.215625000000E-01  0.238593750000E-04  0.659168923013E+04  0.992737096046E+06  0.196448503183E+03  0.627493648439E+02  0.151945608702E+03  0.270415212036E+03  0.925872892187E+02  0.169829143972E+05  0.102707739449E+02  0.619129650164E+01  0.927635473577E+01
  598   2  64    1500     500  0.680000000000E-01  0.800000000000E+00  0.156250000000E-01      299019   0  0.100739E+03  3030436f6d62696e6564206d756c7469706c65207265637572736976652067656e657261746f72000000000200000004580d1125000000000000000000000004b504f2ede939b029949c2df327bb2ee687b0b0fd626911721f8da045315c9f8f69660fa57d5b032c -0.423356713902E+00 -0.845917869568E+00  0.161103163672E+01  0.181093750000E-01  0.233306884766E-04  0.313893221886E+04  0.289831962971E+06  0.134278976969E+03  0.426404803374E+02  0.107523643850E+03  0.182666882919E+03  0.595952229004E+02  0.737249673116E+04  0.877164175197E+01  0.515010362683E+01  0.783986425992E+01
  598   2  80    1500     500  0.620000000000E-01  0.800000000000E+00  0.125000000000E-01      578167   0  0.239233E+03  3030436f6d62696e6564206d756c7469706c65207265637572736976652067656e657261746f72000000000300000004580d1125000000000000000000000004b504f2eb07e4a2b3d9a8829e27bb2ee687b0b0fd68fd64f564f9bcdb22fc532f37888d7b5daf445a -0.422893689011E+00 -0.845606808594E+00  0.160914976787E+01  0.310000000000E-02  0.125000000000E-05  0.156447234083E+04  0.732407282407E+05  0.223287297818E+03  0.705513034046E+02  0.180296111181E+03  0.284083767309E+03  0.322895600000E+02  0.265553475618E+04  0.114967987141E+02  0.668226624475E+01  0.104156161648E+02
  598   2  64    1500     500  0.700000000000E-01  0.800000000000E+00  0.156250000000E-01      298881   0  0.100857E+03  3030436f6d62696e6564206d756c7469706c65207265637572736976652067656e657261746f72000000000200000004580d1125000000000000000000000004b504f2ed8b8105ae61972e8e27bb2ee687b0b0fd47f2687029b55a5e77879b856b6885296d15aa12 -0.423207032728E+00 -0.846497337341E+00  0.161203187605E+01  0.225468750000E-01  0.341949462891E-04  0.367588217119E+04  0.394696823001E+06  0.131030667386E+03  0.417312383899E+02  0.102398255346E+03  0.177204805546E+03  0.686648425293E+02  0.954807220504E+04  0.862267391019E+01  0.515161035763E+01  0.774339267223E+01
  598   2  80    1500     500  0.640000000000E-01  0.800000000000E+00  0.125000000000E-01      578934   0  0.240504E+03  3030436f6d62696e6564206d756c7469706c65207265637572736976652067656e657261746f72000000000300000004580d1125000000000000000000000004b504f2eb4ab6aefd2d77522f27bb2ee687b0b0fd0e44b84723f1249a2a26fdb873801ad01e440996 -0.423129410035E+00 -0.845748193359E+00  0.160955752889E+01  0.662500000000E-02  0.352343750000E-05  0.257182070944E+04  0.177714515550E+06  0.221833560280E+03  0.696570856655E+02  0.177149991707E+03  0.293242709848E+03  0.472230743750E+02  0.526064800221E+04  0.115868954990E+02  0.661625378750E+01  0.103106470239E+02
  598   2  96    1500     500  0.700000000000E-01  0.800000000000E+00  0.104166670000E-01      996717   0  0.441955E+03  3030436f6d62696e6564206d756c7469706c65207265637572736976652067656e657261746f72000000000100000004580d1125000000000000000000000004b504f30500425f1bdfa25ffe27bb2ee687b0b0fd76d5532b0e4c0e277e19be0418262c45419f73a8 -0.423484973215E+00 -0.846395137038E+00  0.161209055390E+01  0.210208326607E-01  0.173927584133E-04  0.104946567441E+05  0.209397568236E+07  0.282077158535E+03  0.901066667152E+02  0.216967336026E+03  0.368197672611E+03  0.124691018229E+03  0.301339721829E+05  0.122168501938E+02  0.721827960960E+01  0.110696906706E+02
  598   2  80    1500     500  0.620000000000E-01  0.800000000000E+00  0.125000000000E-01      578480   0  0.238735E+03  3030436f6d62696e6564206d756c7469706c65207265637572736976652067656e657261746f72000000000200000004580d1125000000000000000000000004b504f2ed2f927cf280fcb8fb27bb2ee687b0b0fd1a1d88c114cbb8dc23eacc2326c3bdc2411c99d1 -0.422853412415E+00 -0.845647800781E+00  0.160913145192E+01  0.283750000000E-02  0.117968750000E-05  0.168201448012E+04  0.833684052188E+05  0.220407391423E+03  0.695840455599E+02  0.179542630980E+03  0.289318225677E+03  0.350406289062E+02  0.310335109162E+04  0.114881225506E+02  0.666591812965E+01  0.103854143832E+02
  598   2  96    1500     500  0.610000000000E-01  0.800000000000E+00  0.104166670000E-01      994854   0  0.430553E+03  3030436f6d62696e6564206d756c7469706c65207265637572736976652067656e657261746f72000000000000000004580d1125000000000000000000000004b504f32d43f189937c74459627bb2ee687b0b0fd4516ecf31bbb242853bf2ed839dbc15f74307360 -0.422825865378E+00 -0.845708154685E+00  0.160920659271E+01  0.105208329967E-02  0.309696894025E-06  0.138141679881E+04  0.513699269827E+05  0.299785285668E+03  0.973216432036E+02  0.241574644929E+03  0.367283801074E+03  0.292658970269E+02  0.232442953434E+04  0.132746620135E+02  0.783380292490E+01  0.119627712430E+02
  598   2  48    1500     500  0.600000000000E-01  0.800000000000E+00  0.208333330000E-01      127478   0  0.411553E+02  3030436f6d62696e6564206d756c7469706c65207265637572736976652067656e657261746f72000000000100000004580d1125000000000000000000000004b504f3057880903c62e464fe27bb2ee687b0b0fd6b799d8f052bdc1a3c804665144338d067525034 -0.422791003757E+00 -0.845714423318E+00  0.160941188518E+01  0.641666676933E-02  0.763165521470E-05  0.639014613735E+03  0.194775659053E+05  0.855675910292E+02  0.261086702279E+02  0.677195695141E+02  0.106649645210E+03  0.218206467014E+02  0.118420919574E+04  0.724382347534E+01  0.415850737418E+01  0.651005197757E+01
  598   2  48    1500     500  0.610000000000E-01  0.800000000000E+00  0.208333330000E-01      127253   0  0.411426E+02  3030436f6d62696e6564206d756c7469706c65207265637572736976652067656e657261746f72000000000100000004580d1125000000000000000000000004b504f305599cff6f07108ad327bb2ee687b0b0fd52fa754832912e9e2d01b4114b63bc282fcf5839 -0.422455774433E+00 -0.845845020465E+00  0.160898006530E+01  0.852083346967E-02  0.110315395284E-04  0.742661490518E+03  0.261923935819E+05  0.828690573206E+02  0.260037262882E+02  0.667224333108E+02  0.106765017536E+03  0.238792973090E+02  0.142095803368E+04  0.723582964067E+01  0.417587100058E+01  0.656946921151E+01
  598   2  48    1500     500  0.630000000000E-01  0.800000000000E+00  0.208333330000E-01      127397   0  0.411731E+02  3030436f6d62696e6564206d756c7469706c65207265637572736976652067656e657261746f72000000000100000004580d1125000000000000000000000004b504f305027922173700bcc127bb2ee687b0b0fd4c97a663519789916f9223525072e4e340f6428e -0.423289346414E+00 -0.845736676283E+00  0.160988299458E+01  0.120625001930E-01  0.187717016892E-04  0.102220537869E+04  0.471389040994E+05  0.827431672854E+02  0.255641865958E+02  0.652812346626E+02  0.107685887502E+03  0.292028884549E+02  0.200171404743E+04  0.723859450517E+01  0.417670556103E+01  0.645645338870E+01
  598   2  48    1500     500  0.640000000000E-01  0.800000000000E+00  0.208333330000E-01      127776   0  0.412083E+02  3030436f6d62696e6564206d756c7469706c65207265637572736976652067656e657261746f72000000000100000004580d1125000000000000000000000004b504f305580f38fba244680127bb2ee687b0b0fd0405b3b241c7da857f184ffd38ae2b7f2962f47d -0.423205236745E+00 -0.845589658418E+00  0.160970020586E+01  0.137291668863E-01  0.223885998953E-04  0.113094846520E+04  0.547112187973E+05  0.816590191074E+02  0.253666711098E+02  0.651785268665E+02  0.109339170022E+03  0.327277426215E+02  0.239786612017E+04  0.710147700789E+01  0.408991931069E+01  0.638371524545E+01
  598   2  80    1500     500  0.650000000000E-01  0.800000000000E+00  0.125000000000E-01      579505   0  0.241346E+03  3030436f6d62696e6564206d756c7469706c65207265637572736976652067656e657261746f72000000000300000004580d1125000000000000000000000004b504f2ebe8b88fa1583450aa27bb2ee687b0b0fd35505745678fcbab72ea422449839fd50be8c17c -0.423467514150E+00 -0.845758083984E+00  0.161002171609E+01  0.990000000000E-02  0.637500000000E-05  0.352709354448E+04  0.309772209150E+06  0.216518558810E+03  0.675204273956E+02  0.170429176213E+03  0.287401215907E+03  0.549268721875E+02  0.676332444865E+04  0.113435895109E+02  0.653700192444E+01  0.100796250535E+02
  598   2  48    1500     500  0.650000000000E-01  0.800000000000E+00  0.208333330000E-01      127481   0  0.412123E+02  3030436f6d62696e6564206d756c7469706c65207265637572736976652067656e657261746f72000000000100000004580d1125000000000000000000000004b504f30517c32c7e8d559b8d27bb2ee687b0b0fd3c470adb4aff3e4d137130a52ad05c4a38f5ec1b -0.422734408581E+00 -0.845991333035E+00  0.161030497124E+01  0.139166668893E-01  0.221715860029E-04  0.114739172591E+04  0.564758124150E+05  0.831429159168E+02  0.254317680595E+02  0.648074656532E+02  0.108247233556E+03  0.323702387153E+02  0.242506970183E+04  0.714774785216E+01  0.410806847567E+01  0.631355400387E+01
  598   2  80    1500     500  0.640000000000E-01  0.800000000000E+00  0.125000000000E-01      578761   0  0.240109E+03  3030436f6d62696e6564206d756c7469706c65207265637572736976652067656e657261746f72000000000200000004580d1125000000000000000000000004b504f2edccb7978dce790e8327bb2ee687b0b0fd1b18b8495e0a5bbf5ba0b5251220cf3e621aba70 -0.422924406048E+00 -0.846026113281E+00  0.161040794673E+01  0.793750000000E-02  0.419140625000E-05  0.278177998647E+04  0.203700423833E+06  0.229645374766E+03  0.681287832864E+02  0.177781186080E+03  0.285168085424E+03  0.494456460937E+02  0.570603416441E+04  0.112392252142E+02  0.645770241606E+01  0.100340214160E+02
  598   2  48    1500     500  0.670000000000E-01  0.800000000000E+00  0.208333330000E-01      127479   0  0.412363E+02  3030436f6d62696e6564206d756c7469706c65207265637572736976652067656e657261746f72000000000100000004580d1125000000000000000000000004b504f305936a2cdb2df6271d27bb2ee687b0b0fd6b58f05e608523e21445cf9f3624c75c20fca1f4 -0.422956620556E+00 -0.846124498181E+00  0.161092338478E+01  0.184583336287E-01  0.357711232575E-04  0.144041405427E+04  0.851773446270E+05  0.794885205076E+02  0.248889319431E+02  0.633893121372E+02  0.107667694263E+03  0.376313090278E+02  0.306999293603E+04  0.697943563200E+01  0.408872812904E+01  0.610263766301E+01
  598   2  48    1500     500  0.680000000000E-01  0.800000000000E+00  0.208333330000E-01      127603   0  0.412657E+02  3030436f6d62696e6564206d756c7469706c65207265637572736976652067656e657261746f72000000000100000004580d1125000000000000000000000004b504f305b047011760eb188627bb2ee687b0b0fd452e4228602de5c76fec65680d2ee0e903f034a8 -0.423101147242E+00 -0.846366260691E+00  0.161168157369E+01  0.220833336867E-01  0.482494220683E-04  0.157251303225E+04  0.994363895899E+05  0.767040525737E+02  0.249881549206E+02  0.616585425710E+02  0.105057086302E+03  0.409291918403E+02  0.349421019640E+04  0.679587012208E+01  0.398348808955E+01  0.613412348867E+01
  598   2  48    1500     500  0.690000000000E-01  0.800000000000E+00  0.208333330000E-01      127683   0  0.413192E+02  3030436f6d62696e6564206d756c7469706c65207265637572736976652067656e657261746f72000000000100000004580d1125000000000000000000000004b504f3054a886777576f0a8527bb2ee687b0b0fd4e456907584abdf90585ee64285715b72f07ed92 -0.423128609617E+00 -0.846648044179E+00  0.161165799044E+01  0.229166670333E-01  0.533673330298E-04  0.159889532102E+04  0.104689763178E+06  0.789095580289E+02  0.245115859444E+02  0.625114331790E+02  0.106942734377E+03  0.404404097222E+02  0.356274970792E+04  0.694037653147E+01  0.401951326310E+01  0.611080804338E+01
  598   2  80    1500     500  0.670000000000E-01  0.800000000000E+00  0.125000000000E-01      579087   0  0.242807E+03  3030436f6d62696e6564206d756c7469706c65207265637572736976652067656e657261746f72000000000300000004580d1125000000000000000000000004b504f2ebf9693858ede1c14027bb2ee687b0b0fd448311eb2786776b74d0955324db77462ce1d05d -0.423099895868E+00 -0.846275931641E+00  0.161108929322E+01  0.152000000000E-01  0.112890625000E-04  0.478949574557E+04  0.545308491700E+06  0.210303181233E+03  0.642085995273E+02  0.167327572256E+03  0.271068371277E+03  0.705427018750E+02  0.103376521199E+05  0.108516605095E+02  0.648273611798E+01  0.987695322604E+01
  598   2  64    1500     500  0.600000000000E-01  0.800000000000E+00  0.156250000000E-01      298081   0  0.100293E+03  3030436f6d62696e6564206d756c7469706c65207265637572736976652067656e657261746f72000000000100000004580d1125000000000000000000000004b504f305e5e7f2b74f90d8db27bb2ee687b0b0fd6465df751be6db1c0369a34b7847ed85126a08e9 -0.422660724055E+00 -0.845878643036E+00  0.160963597869E+01  0.281250000000E-02  0.231170654297E-05  0.895493239394E+03  0.308527327379E+05  0.141869004823E+03  0.447875886790E+02  0.113044607835E+03  0.182801089445E+03  0.248988056641E+02  0.162250037684E+04  0.939379442062E+01  0.541168980565E+01  0.842991775269E+01
  598   2  96    1500     500  0.620000000000E-01  0.800000000000E+00  0.104166670000E-01      994765   0  0.431649E+03  3030436f6d62696e6564206d756c7469706c65207265637572736976652067656e657261746f72000000000000000004580d1125000000000000000000000004b504f32dc175590f75c940c427bb2ee687b0b0fd1e51366c45939aaf04b4439d58d9a67010f5b835 -0.422847238625E+00 -0.845670495992E+00  0.160911717120E+01  0.196874993700E-02  0.481499550564E-06  0.197299734409E+04  0.100172174875E+06  0.313047031264E+03  0.981289865323E+02  0.253716272465E+03  0.400975928827E+03  0.364910172526E+02  0.349789229079E+04  0.135584167038E+02  0.785061150164E+01  0.122920477961E+02
  598   2  80    1500     500  0.650000000000E-01  0.800000000000E+00  0.125000000000E-01      578759   0  0.240674E+03  3030436f6d62696e6564206d756c7469706c65207265637572736976652067656e657261746f72000000000200000004580d1125000000000000000000000004b504f2edb9384facc64c0a6c27bb2ee687b0b0fd3d3cdc8c2dc8a38048490c6d0c44e11913eaf161 -0.423291862986E+00 -0.845877189453E+00  0.161034254072E+01  0.870000000000E-02  0.573046875000E-05  0.330860524805E+04  0.278072789271E+06  0.223085463485E+03  0.675390839844E+02  0.172529028774E+03  0.290736181201E+03  0.559775415625E+02  0.708261913328E+04  0.113407370686E+02  0.643340610426E+01  0.100828903308E+02
  598   2  64    1500     500  0.620000000000E-01  0.800000000000E+00  0.156250000000E-01      298374   0  0.100361E+03  3030436f6d62696e6564206d756c7469706c65207265637572736976652067656e657261746f72000000000100000004580d1125000000000000000000000004b504f305a2e77dd413452a8b27bb2ee687b0b0fd0dd79b0239fa5ae06e474350641fe5e11bf71900 -0.422835804432E+00 -0.845777992249E+00  0.160947628695E+01  0.542187500000E-02  0.395202636719E-05  0.130685263706E+04  0.604175739479E+05  0.145930151982E+03  0.446491964507E+02  0.114108653447E+03  0.189546970060E+03  0.312424411621E+02  0.239993351623E+04  0.945862074961E+01  0.538932631172E+01  0.840747661631E+01
  598   2  64    1500     500  0.640000000000E-01  0.800000000000E+00  0.156250000000E-01      298508   0  0.100448E+03  3030436f6d62696e6564206d756c7469706c65207265637572736976652067656e657261746f72000000000100000004580d1125000000000000000000000004b504f305548a108e1bd5c16d27bb2ee687b0b0fd53294d512020a47c44afb3b1538a38dd075490cb -0.423174385482E+00 -0.845841217041E+00  0.160996328106E+01  0.801562500000E-02  0.636291503906E-05  0.179289445043E+04  0.104833090259E+06  0.145186655264E+03  0.440867941496E+02  0.115715825650E+03  0.192575467817E+03  0.385394582520E+02  0.341993256290E+04  0.942079152919E+01  0.534219791152E+01  0.838477395843E+01
  598   2  80    1500     500  0.680000000000E-01  0.800000000000E+00  0.125000000000E-01      579340   0  0.243491E+03  3030436f6d62696e6564206d756c7469706c65207265637572736976652067656e657261746f72000000000300000004580d1125000000000000000000000004b504f2eb94b45c8409da718627bb2ee687b0b0fd236b5a883628b3c171a2feec66136f31450cf1d6 -0.423303841579E+00 -0.846140386719E+00  0.161149058196E+01  0.152000000000E-01  0.130351562500E-04  0.540070066814E+04  0.676012149434E+06  0.200311221364E+03  0.652119339290E+02  0.162263707851E+03  0.283702394663E+03  0.817346153125E+02  0.135765450463E+05  0.108599005946E+02  0.639221323070E+01  0.972617788575E+01
  598   2  80    1500     500  0.660000000000E-01  0.800000000000E+00  0.125000000000E-01      578902   0  0.241600E+03  3030436f6d62696e6564206d756c7469706c65207265637572736976652067656e657261746f72000000000200000004580d1125000000000000000000000004b504f2edf30e77322804338227bb2ee687b0b0fd17a57b4119f834f62cb047546ad294db60d94550 -0.423016329216E+00 -0.846149814453E+00  0.161085869019E+01  0.119500000000E-01  0.801171875000E-05  0.412266752364E+04  0.412239897845E+06  0.209226882587E+03  0.671764714904E+02  0.167352672311E+03  0.290623382785E+03  0.636529493750E+02  0.873462689998E+04  0.108968557523E+02  0.640134925604E+01  0.977365357410E+01
  598   2  64    1500     500  0.660000000000E-01  0.800000000000E+00  0.156250000000E-01      298737   0  0.100675E+03  3030436f6d62696e6564206d756c7469706c65207265637572736976652067656e657261746f72000000000100000004580d1125000000000000000000000004b504f305f89c04240702690d27bb2ee687b0b0fd7b13530a0fbef7041703942e3bfe159f3d689765 -0.422966296912E+00 -0.846220108032E+00  0.161097843794E+01  0.148437500000E-01  0.171127319336E-04  0.250965236519E+04  0.197469273170E+06  0.138602433419E+03  0.439909148534E+02  0.108001725846E+03  0.182753434427E+03  0.505071186523E+02  0.561404222584E+04  0.912545636520E+01  0.528636371245E+01  0.812691783587E+01
  598   2  64    1500     500  0.680000000000E-01  0.800000000000E+00  0.156250000000E-01      298915   0  0.100842E+03  3030436f6d62696e6564206d756c7469706c65207265637572736976652067656e657261746f72000000000100000004580d1125000000000000000000000004b504f305316947cb65f23cff27bb2ee687b0b0fd79ae6330230ade615cf6664330a7b6894e940384 -0.422800712823E+00 -0.846689842224E+00  0.161194542054E+01  0.193750000000E-01  0.248413085937E-04  0.299006281430E+04  0.271303883989E+06  0.134363360325E+03  0.424929887459E+02  0.104205461731E+03  0.184597790004E+03  0.590437993164E+02  0.730569573331E+04  0.890030185660E+01  0.514073603153E+01  0.788843082058E+01
  598   2  96    1500     500  0.630000000000E-01  0.800000000000E+00  0.104166670000E-01      994951   0  0.432925E+03  3030436f6d62696e6564206d756c7469706c65207265637572736976652067656e657261746f72000000000000000004580d1125000000000000000000000004b504f32d2f49955f34a121c527bb2ee687b0b0fd4a470ca1544f243e0390d5c624813f086b5dc417 -0.422950613342E+00 -0.845815726891E+00  0.160980311431E+01  0.276041657833E-02  0.768590831887E-06  0.250532971430E+04  0.157648313521E+06  0.320573678743E+03  0.988040049910E+02  0.250958986280E+03  0.427333629895E+03  0.438907297092E+02  0.493330410033E+04  0.139175420078E+02  0.786606820052E+01  0.123283817194E+02
  598   2  80    1500     500  0.690000000000E-01  0.800000000000E+00  0.125000000000E-01      579590   0  0.244137E+03  3030436f6d62696e6564206d756c7469706c65207265637572736976652067656e657261746f72000000000300000004580d1125000000000000000000000004b504f2ebceae325f734cc87f27bb2ee687b0b0fd067cc4bf4d3301013b8f24a06022e25a0099d4f5 -0.423336041290E+00 -0.846317636719E+00  0.161139159149E+01  0.200250000000E-01  0.203789062500E-04  0.607975703230E+04  0.857990853340E+06  0.200243190573E+03  0.638506518162E+02  0.158042149929E+03  0.270424180998E+03  0.873950296875E+02  0.153844556275E+05  0.106622676300E+02  0.627091188017E+01  0.949281013717E+01
  598   2  64    1500     500  0.700000000000E-01  0.800000000000E+00  0.156250000000E-01      298901   0  0.100927E+03  3030436f6d62696e6564206d756c7469706c65207265637572736976652067656e657261746f72000000000100000004580d1125000000000000000000000004b504f305dbd4447c9e767a1c27bb2ee687b0b0fd73a1edeb593cc743516b26c33e3ed7cc7803426f -0.423466103262E+00 -0.846428283691E+00  0.161185722907E+01  0.231718750000E-01  0.362854003906E-04  0.366358324760E+04  0.389859164195E+06  0.131879622714E+03  0.424401436621E+02  0.106541628283E+03  0.173370901020E+03  0.677877878418E+02  0.930984962854E+04  0.863558150583E+01  0.517638963195E+01  0.780607567161E+01
  598   2  80    1500     500  0.680000000000E-01  0.800000000000E+00  0.125000000000E-01      579707   0  0.242791E+03  3030436f6d62696e6564206d756c7469706c65207265637572736976652067656e657261746f72000000000200000004580d1125000000000000000000000004b504f2edc09ce5539f52d3fe27bb2ee687b0b0fd5cc873687e2ed67b43918be6742523e00e31c4ff -0.423594768279E+00 -0.846046236328E+00  0.161135709325E+01  0.160250000000E-01  0.139140625000E-04  0.544456949189E+04  0.688256026057E+06  0.213580995964E+03  0.661238796408E+02  0.161308519536E+03  0.284346117081E+03  0.811246546875E+02  0.133553349323E+05  0.108950772593E+02  0.626112076278E+01  0.955625086503E+01
  598   2  80    1500     500  0.700000000000E-01  0.800000000000E+00  0.125000000000E-01      579459   0  0.244561E+03  3030436f6d62696e6564206d756c7469706c65207265637572736976652067656e657261746f72000000000300000004580d1125000000000000000000000004b504f2eb0eac8151f5517ee827bb2ee687b0b0fd507bc31c2aed5873457ac8e51909868711de7062 -0.423968539746E+00 -0.846213949219E+00  0.161219816984E+01  0.208875000000E-01  0.220078125000E-04  0.658237838962E+04  0.984561284678E+06  0.200916238818E+03  0.652472257715E+02  0.158424533698E+03  0.262715712897E+03  0.943240692187E+02  0.175926138793E+05  0.106845570164E+02  0.617063359681E+01  0.943717527653E+01
  598   2  80    1500     500  0.610000000000E-01  0.800000000000E+00  0.125000000000E-01      578413   0  0.238505E+03  3030436f6d62696e6564206d756c7469706c65207265637572736976652067656e657261746f72000000000100000004580d1125000000000000000000000004b504f3052c706da55db98f2b27bb2ee687b0b0fd1cdcae2b54f1d1f72081f01f2ab68ae245a0553a -0.422732441726E+00 -0.845811306641E+00  0.160932217043E+01  0.235000000000E-02  0.109765625000E-05  0.128008079680E+04  0.520712740404E+05  0.219572529795E+03  0.690464370940E+02  0.172651618931E+03  0.275490436588E+03  0.281942518750E+02  0.210680289749E+04  0.114101157680E+02  0.659478378517E+01  0.101984996251E+02
  598   2  80    1500     500  0.690000000000E-01  0.800000000000E+00  0.125000000000E-01      579474   0  0.243483E+03  3030436f6d62696e6564206d756c7469706c65207265637572736976652067656e657261746f72000000000200000004580d1125000000000000000000000004b504f2edeb599343b480e27227bb2ee687b0b0fd4e45c49f5675286736a9d5a32ccdb7d362002278 -0.422906640368E+00 -0.846399738281E+00  0.161185050034E+01  0.203125000000E-01  0.240429687500E-04  0.602822183515E+04  0.855824680180E+06  0.196186274622E+03  0.644320308658E+02  0.155545426859E+03  0.273222111776E+03  0.883236420313E+02  0.156712826292E+05  0.108020691839E+02  0.631292893314E+01  0.937118799671E+01
  598   2  96    1500     500  0.650000000000E-01  0.800000000000E+00  0.104166670000E-01      995376   0  0.436098E+03  3030436f6d62696e6564206d756c7469706c65207265637572736976652067656e657261746f72000000000000000004580d1125000000000000000000000004b504f32d63499302a9762cf127bb2ee687b0b0fd00690f8d701ce48760a81b4970fe4b2b36f42610 -0.423205180988E+00 -0.845942850692E+00  0.161037686431E+01  0.796874974500E-02  0.351969389779E-05  0.507025548507E+04  0.541327082658E+06  0.312086754210E+03  0.962144583475E+02  0.248810687231E+03  0.410298192637E+03  0.674430838759E+02  0.101055584724E+05  0.134339761207E+02  0.769370148064E+01  0.120279997711E+02
  598   2  80    1500     500  0.630000000000E-01  0.800000000000E+00  0.125000000000E-01      578641   0  0.239749E+03  3030436f6d62696e6564206d756c7469706c65207265637572736976652067656e657261746f72000000000100000004580d1125000000000000000000000004b504f305b33330ab0023213b27bb2ee687b0b0fd5299249d076804af4f4fed67009600d029c68c49 -0.422902887210E+00 -0.845838832031E+00  0.160990367205E+01  0.416250000000E-02  0.188671875000E-05  0.210007620302E+04  0.122628081499E+06  0.226683519874E+03  0.691848836452E+02  0.179051556377E+03  0.290867895643E+03  0.393816914062E+02  0.380153708880E+04  0.117636605381E+02  0.656146807709E+01  0.105571993297E+02
  598   2  80    1500     500  0.700000000000E-01  0.800000000000E+00  0.125000000000E-01      579704   0  0.244101E+03  3030436f6d62696e6564206d756c7469706c65207265637572736976652067656e657261746f72000000000200000004580d1125000000000000000000000004b504f2ed901609f200a8f69627bb2ee687b0b0fd668bc945027d84090a0c9d9f31213e654e6b96ff -0.423294719015E+00 -0.846416699219E+00  0.161199513235E+01  0.209625000000E-01  0.216093750000E-04  0.667620545299E+04  0.102982896980E+07  0.201043916860E+03  0.648691420570E+02  0.154747412415E+03  0.267968478347E+03  0.973531689062E+02  0.186832127582E+05  0.107692395313E+02  0.632129713115E+01  0.957832798027E+01
  598   2  96    1500     500  0.600000000000E-01  0.800000000000E+00  0.104166670000E-01      993811   0  0.429898E+03  3030436f6d62696e6564206d756c7469706c65207265637572736976652067656e657261746f72000000000300000004580d1125000000000000000000000004b504f2ebaf8a8e3be98fd70827bb2ee687b0b0fd1b43712a711e3f9002a9d14b2b7052855ecf944a -0.422786337392E+00 -0.845537024534E+00  0.160870387530E+01  0.812499974000E-03  0.183105462891E-06  0.112889696249E+04  0.360635609618E+05  0.284235887149E+03  0.961632149004E+02  0.236240902854E+03  0.354749306774E+03  0.267454930556E+02  0.198986788249E+04  0.130485310207E+02  0.777622778036E+01  0.118790815873E+02
  598   2  80    1500     500  0.650000000000E-01  0.800000000000E+00  0.125000000000E-01      578654   0  0.240921E+03  3030436f6d62696e6564206d756c7469706c65207265637572736976652067656e657261746f72000000000100000004580d1125000000000000000000000004b504f305fd80b2757e098a9227bb2ee687b0b0fd38a79b8248f0430c212918e860541b9108b2d13c -0.422848329525E+00 -0.846194472656E+00  0.161064442553E+01  0.873750000000E-02  0.513281250000E-05  0.306074892778E+04  0.243741507769E+06  0.221139857891E+03  0.678422361422E+02  0.176361607928E+03  0.292472322207E+03  0.508367235938E+02  0.591041381343E+04  0.116391951959E+02  0.653186200439E+01  0.102884355551E+02
  598   2  96    1500     500  0.660000000000E-01  0.800000000000E+00  0.104166670000E-01      996093   0  0.437344E+03  3030436f6d62696e6564206d756c7469706c65207265637572736976652067656e657261746f72000000000000000004580d1125000000000000000000000004b504f32db37dd4c54164622b27bb2ee687b0b0fd5f20938b54f15f2611c381271cce061c04973066 -0.422919968050E+00 -0.846121172819E+00  0.161034937219E+01  0.119999996160E-01  0.710720463368E-05  0.620470803717E+04  0.778358068170E+06  0.297420140862E+03  0.927767625181E+02  0.238713792925E+03  0.382611278059E+03  0.782977482639E+02  0.131956319154E+05  0.126348229847E+02  0.762029906469E+01  0.114998974097E+02
  598   2  96    1500     500  0.600000000000E-01  0.800000000000E+00  0.104166670000E-01      994678   0  0.428226E+03  3030436f6d62696e6564206d756c7469706c65207265637572736976652067656e657261746f72000000000200000004580d1125000000000000000000000004b504f2ed43dcd239b286c23227bb2ee687b0b0fd7f045141283e96b6730d09ec6f6368c34f18c50b -0.422769437759E+00 -0.845636405596E+00  0.160887298370E+01  0.447916652333E-03  0.137894237486E-06  0.976469706459E+03  0.274649929178E+05  0.278885829576E+03  0.952243401926E+02  0.230780235888E+03  0.345508231915E+03  0.236930187717E+02  0.156933436254E+04  0.130965788204E+02  0.777463392577E+01  0.119999967019E+02
  598   2  80    1500     500  0.660000000000E-01  0.800000000000E+00  0.125000000000E-01      579122   0  0.241794E+03  3030436f6d62696e6564206d756c7469706c65207265637572736976652067656e657261746f72000000000100000004580d1125000000000000000000000004b504f3050837f273cd77216427bb2ee687b0b0fd6aaba4ab1bf3d7332f28906a2eb151db34425faf -0.422913330375E+00 -0.846076000000E+00  0.161059019493E+01  0.106500000000E-01  0.708984375000E-05  0.396107154983E+04  0.384546413441E+06  0.221528803043E+03  0.667741099060E+02  0.170281270671E+03  0.284359551936E+03  0.626837178125E+02  0.862128335154E+04  0.112046533945E+02  0.650879318860E+01  0.989383631063E+01
  598   2  96    1500     500  0.620000000000E-01  0.800000000000E+00  0.104166670000E-01      994873   0  0.431411E+03  3030436f6d62696e6564206d756c7469706c65207265637572736976652067656e657261746f72000000000300000004580d1125000000000000000000000004b504f2ebfd76b030584977b827bb2ee687b0b0fd1a80443b50901ce63488cd37671bc09b759e5a59 -0.422945489864E+00 -0.845686096127E+00  0.160926861010E+01  0.179166660933E-02  0.456633376591E-06  0.178437495536E+04  0.817470585719E+05  0.308891621638E+03  0.986654876858E+02  0.250565396909E+03  0.393296956259E+03  0.348470073785E+02  0.314502424106E+04  0.135458416199E+02  0.780621746146E+01  0.122842385096E+02
  598   2  80    1500     500  0.670000000000E-01  0.800000000000E+00  0.125000000000E-01      579534   0  0.242529E+03  3030436f6d62696e6564206d756c7469706c65207265637572736976652067656e657261746f72000000000100000004580d1125000000000000000000000004b504f305dbc2d75b9d04db8b27bb2ee687b0b0fd335f4a660dafe46e0dc0895212370a2407de8f32 -0.422779602211E+00 -0.846239884766E+00  0.161132047135E+01  0.138125000000E-01  0.100234375000E-04  0.476167954357E+04  0.543530330130E+06  0.217608617244E+03  0.661896317834E+02  0.162125562682E+03  0.281158157193E+03  0.709183510938E+02  0.105757880484E+05  0.109240932058E+02  0.635513907227E+01  0.970237438209E+01
  598   2  96    1500     500  0.670000000000E-01  0.800000000000E+00  0.104166670000E-01      996414   0  0.438736E+03  3030436f6d62696e6564206d756c7469706c65207265637572736976652067656e657261746f72000000000000000004580d1125000000000000000000000004b504f32d3777789c04187d3b27bb2ee687b0b0fd0d1153b767cb6330611df77b080b4ebe24fcea17 -0.423122746753E+00 -0.846295169361E+00  0.161120433827E+01  0.133229162403E-01  0.723153550354E-05  0.725025287373E+04  0.103043696929E+07  0.289033862826E+03  0.936045754357E+02  0.229234778698E+03  0.395021556841E+03  0.894927360026E+02  0.168163311614E+05  0.127613720978E+02  0.742693283495E+01  0.113456770057E+02
  598   2  96    1500     500  0.610000000000E-01  0.800000000000E+00  0.104166670000E-01      994072   0  0.429262E+03  3030436f6d62696e6564206d756c7469706c65207265637572736976652067656e657261746f72000000000200000004580d1125000000000000000000000004b504f2ed263f77f069c5440727bb2ee687b0b0fd51d91ce804a835da0f733736049912375e414853 -0.422805720591E+00 -0.845676743054E+00  0.160921771963E+01  0.109374996500E-02  0.291612403863E-06  0.142319665955E+04  0.553740041296E+05  0.306184523429E+03  0.971729052788E+02  0.243723222392E+03  0.375741155418E+03  0.295043814019E+02  0.238903984015E+04  0.132408860196E+02  0.765165209544E+01  0.118893742612E+02
  598   2  80    1500     500  0.690000000000E-01  0.800000000000E+00  0.125000000000E-01      579547   0  0.243848E+03  3030436f6d62696e6564206d756c7469706c65207265637572736976652067656e657261746f72000000000100000004580d1125000000000000000000000004b504f30515c1578ac77829ff27bb2ee687b0b0fd3656b7e24658812653a467ea0f707e610253c1b9 -0.423876617184E+00 -0.845944425781E+00  0.161145486060E+01  0.187000000000E-01  0.171992187500E-04  0.632684400779E+04  0.912629217802E+06  0.201891989803E+03  0.645327011240E+02  0.157164468145E+03  0.261300229517E+03  0.898248390625E+02  0.159886814349E+05  0.107992975652E+02  0.614938702275E+01  0.948121600618E+01
  598   2  96    1500     500  0.630000000000E-01  0.800000000000E+00  0.104166670000E-01      995376   0  0.433149E+03  3030436f6d62696e6564206d756c7469706c65207265637572736976652067656e657261746f72000000000300000004580d1125000000000000000000000004b504f2eb047b697159e6b2e727bb2ee687b0b0fd051993044625d9504c3b5aad784ccc4d630a8d92 -0.422878106074E+00 -0.845835273965E+00  0.160961599194E+01  0.428124986300E-02  0.130208329167E-05  0.276711796590E+04  0.185955597175E+06  0.315692134639E+03  0.978468899331E+02  0.249830940195E+03  0.409930173191E+03  0.452214445530E+02  0.519155160948E+04  0.136270562098E+02  0.771211139125E+01  0.121292478534E+02
  598   2  80    1500     500  0.700000000000E-01  0.800000000000E+00  0.125000000000E-01      579909   0  0.244379E+03  3030436f6d62696e6564206d756c7469706c65207265637572736976652067656e657261746f72000000000100000004580d1125000000000000000000000004b504f305cfc92b177fcb2e7627bb2ee687b0b0fd31e6a6992da660a65807b96052332aa061bb9735 -0.422594706591E+00 -0.846509869141E+00  0.161173748907E+01  0.232750000000E-01  0.293515625000E-04  0.655940175968E+04  0.995661930493E+06  0.204646007266E+03  0.617334818302E+02  0.152547625594E+03  0.268805795707E+03  0.940705906250E+02  0.175082519507E+05  0.104003315353E+02  0.621094863125E+01  0.934283693793E+01
  598   2  96    1500     500  0.680000000000E-01  0.800000000000E+00  0.104166670000E-01      996719   0  0.440080E+03  3030436f6d62696e6564206d756c7469706c65207265637572736976652067656e657261746f72000000000000000004580d1125000000000000000000000004b504f32d5a74a6beba7182ad27bb2ee687b0b0fd0f64771d1ad76dbf2c15822f5b20b8ad7847413f -0.422985983323E+00 -0.846313265155E+00  0.161131903405E+01  0.165937494690E-01  0.107896589429E-04  0.862671496848E+04  0.144626543788E+07  0.293439880984E+03  0.907434058461E+02  0.227438512239E+03  0.382371894279E+03  0.105158769640E+03  0.221040216103E+05  0.125680049995E+02  0.748630202558E+01  0.113433635414E+02
  598   2  96    1500     500  0.630000000000E-01  0.800000000000E+00  0.104166670000E-01      994760   0  0.431876E+03  3030436f6d62696e6564206d756c7469706c65207265637572736976652067656e657261746f72000000000200000004580d1125000000000000000000000004b504f2edd825259446e32cd627bb2ee687b0b0fd2253108d02ea6f691c785e291e0672826cbabac2 -0.423129498220E+00 -0.845803161560E+00  0.161000226668E+01  0.270833324667E-02  0.892921701751E-06  0.262280080333E+04  0.165472525170E+06  0.322162244860E+03  0.990229189655E+02  0.253607087986E+03  0.413425264682E+03  0.424615722656E+02  0.452906008858E+04  0.137496859259E+02  0.776609880199E+01  0.122266276692E+02
  598   2  96    1500     500  0.640000000000E-01  0.800000000000E+00  0.104166670000E-01      994946   0  0.434633E+03  3030436f6d62696e6564206d756c7469706c65207265637572736976652067656e657261746f72000000000300000004580d1125000000000000000000000004b504f2eb4232b33585a4341327bb2ee687b0b0fd77ede1bd05df404b4d7b7f8031a6553c11577475 -0.423174842412E+00 -0.845859659772E+00  0.160998888051E+01  0.531249983000E-02  0.188530809939E-05  0.382919533764E+04  0.326761402254E+06  0.312859886437E+03  0.964227110017E+02  0.248225299840E+03  0.416378602143E+03  0.556141508247E+02  0.723247658621E+04  0.136792292650E+02  0.763377098883E+01  0.121017912673E+02
  598   2  96    1500     500  0.600000000000E-01  0.800000000000E+00  0.104166670000E-01      994183   0  0.428859E+03  3030436f6d62696e6564206d756c7469706c65207265637572736976652067656e657261746f72000000000100000004580d1125000000000000000000000004b504f3051f7fddc40e938d4827bb2ee687b0b0fd5b4486b0416bcce846dd172f02d4971d3ef15f51 -0.422757607403E+00 -0.845594094668E+00  0.160872426935E+01  0.677083311667E-03  0.167281533999E-06  0.997921235345E+03  0.283970893583E+05  0.281946555999E+03  0.962054148099E+02  0.232083821615E+03  0.341445641685E+03  0.248019239366E+02  0.173953642281E+04  0.128821370739E+02  0.770977744654E+01  0.116872239074E+02
  598   2  96    1500     500  0.690000000000E-01  0.800000000000E+00  0.104166670000E-01      996476   0  0.441562E+03  3030436f6d62696e6564206d756c7469706c65207265637572736976652067656e657261746f72000000000000000004580d1125000000000000000000000004b504f32daf9c48b2f33b7b7827bb2ee687b0b0fd68e36d636e87bf7d447f506172e3b96939d5835d -0.423750308196E+00 -0.846094339955E+00  0.161167898743E+01  0.187187494010E-01  0.161268441020E-04  0.996581938503E+04  0.187210174615E+07  0.273606697046E+03  0.901527044936E+02  0.224680281543E+03  0.380749800746E+03  0.119703643121E+03  0.277383686211E+05  0.122270214282E+02  0.732198682476E+01  0.113513929581E+02
  598   2  96    1500     500  0.640000000000E-01  0.800000000000E+00  0.104166670000E-01      995052   0  0.433044E+03  3030436f6d62696e6564206d756c7469706c65207265637572736976652067656e657261746f72000000000200000004580d1125000000000000000000000004b504f2edbb356b92c1d4cf9a27bb2ee687b0b0fd04b32d813756437a795fb3a050766c6f077c06a2 -0.423153793738E+00 -0.845837525484E+00  0.161015828056E+01  0.401041653833E-02  0.133825227199E-05  0.337142372935E+04  0.258189396796E+06  0.338785623138E+03  0.100721255538E+03  0.263768832520E+03  0.416193951951E+03  0.512723045790E+02  0.626961503043E+04  0.137466417519E+02  0.785950118230E+01  0.123462214536E+02
  598   2  96    1500     500  0.650000000000E-01  0.800000000000E+00  0.104166670000E-01      995837   0  0.435847E+03  3030436f6d62696e6564206d756c7469706c65207265637572736976652067656e657261746f72000000000300000004580d1125000000000000000000000004b504f2eb26b3f50c6ebab9c127bb2ee687b0b0fd4cdd1d0524753aa6488313a83d9f7569626d80f3 -0.422892168849E+00 -0.846093600751E+00  0.161029775144E+01  0.792708307967E-02  0.357846849081E-05  0.469197461124E+04  0.465631511947E+06  0.313861268443E+03  0.969317345447E+02  0.245235419613E+03  0.426217289945E+03  0.672503562283E+02  0.101499878657E+05  0.133559567154E+02  0.763692560564E+01  0.119156093499E+02
  598   2  96    1500     500  0.610000000000E-01  0.800000000000E+00  0.104166670000E-01      994467   0  0.429995E+03  3030436f6d62696e6564206d756c7469706c65207265637572736976652067656e657261746f72000000000100000004580d1125000000000000000000000004b504f305ba470b98752a8b8227bb2ee687b0b0fd4464221168a2ecb47f555aa83d97b6aa699f8f7d -0.422953332187E+00 -0.845598024654E+00  0.160917216367E+01  0.895833304667E-03  0.228316688296E-06  0.135886415913E+04  0.508064118150E+05  0.295628026716E+03  0.975277088348E+02  0.239509371192E+03  0.368012718223E+03  0.298349194878E+02  0.245022471997E+04  0.134713929459E+02  0.782757407427E+01  0.119522630195E+02
  598   2  96    1500     500  0.700000000000E-01  0.800000000000E+00  0.104166670000E-01      997126   0  0.442868E+03  3030436f6d62696e6564206d756c7469706c65207265637572736976652067656e657261746f72000000000000000004580d1125000000000000000000000004b504f32d78e06b4d9151ac3c27bb2ee687b0b0fd6d5be849264af4ac098b6c54698a687673534437 -0.423060436542E+00 -0.846552876753E+00  0.161208740061E+01  0.213333326507E-01  0.182675956249E-04  0.106734092127E+05  0.219604703415E+07  0.279972427617E+03  0.904371998400E+02  0.224016916262E+03  0.369894493854E+03  0.123750304036E+03  0.299434986898E+05  0.123439421374E+02  0.732455740283E+01  0.110057879896E+02
  598   2  48    1500     500  0.600000000000E-01  0.800000000000E+00  0.208333330000E-01      127343   0  0.411997E+02  3030436f6d62696e6564206d756c7469706c65207265637572736976652067656e657261746f72000000000000000004580d1125000000000000000000000004b504f32da1f464b4edda4cf027bb2ee687b0b0fd294b32f66b8944cd45ac382b49f423521741dbc8 -0.422700425259E+00 -0.845944313360E+00  0.160977617454E+01  0.575000009200E-02  0.797526054427E-05  0.628026139311E+03  0.195940345069E+05  0.826112737735E+02  0.256585085131E+02  0.674584379235E+02  0.109508527957E+03  0.215596458333E+02  0.120674168292E+04  0.712014723045E+01  0.416736076166E+01  0.655608743101E+01
  598   2  96    1500     500  0.650000000000E-01  0.800000000000E+00  0.104166670000E-01      995398   0  0.434580E+03  3030436f6d62696e6564206d756c7469706c65207265637572736976652067656e657261746f72000000000200000004580d1125000000000000000000000004b504f2edc7632e520ac155fd27bb2ee687b0b0fd4d22487f3d1099de05bd68ee352ed6c25913dad5 -0.422896781110E+00 -0.846031980108E+00  0.161039078173E+01  0.714583310467E-02  0.291386347736E-05  0.462533878881E+04  0.464071113650E+06  0.321585407261E+03  0.979010828015E+02  0.255383693863E+03  0.417580972125E+03  0.637743233507E+02  0.936211876639E+04  0.138109842574E+02  0.765218415990E+01  0.119738610623E+02
  598   2  48    1500     500  0.610000000000E-01  0.800000000000E+00  0.208333330000E-01      127318   0  0.412163E+02  3030436f6d62696e6564206d756c7469706c65207265637572736976652067656e657261746f72000000000000000004580d1125000000000000000000000004b504f32d5c30286d31e6c12027bb2ee687b0b0fd0c770b543f9e8988292ff16b39696dd33d68cec9 -0.423090296357E+00 -0.845864832025E+00  0.160992439849E+01  0.800000012800E-02  0.976562515625E-05  0.794327176093E+03  0.299567345901E+05  0.820335025793E+02  0.255708943335E+02  0.662581534155E+02  0.108051645031E+03  0.247641562500E+02  0.150293822259E+04  0.726157746384E+01  0.421598435023E+01  0.654473614607E+01
  598   2  48    1500     500  0.620000000000E-01  0.800000000000E+00  0.208333330000E-01      127421   0  0.412202E+02  3030436f6d62696e6564206d756c7469706c65207265637572736976652067656e657261746f72000000000000000004580d1125000000000000000000000004b504f32d7fe200a17cc84e4727bb2ee687b0b0fd1ea5a0e637ef40d2015951574377083b2d37079f -0.422996670211E+00 -0.845521154368E+00  0.160919747043E+01  0.101875001630E-01  0.132378474340E-04  0.920513169003E+03  0.371225203450E+05  0.823566712789E+02  0.250880593899E+02  0.652730801773E+02  0.107418420309E+03  0.280233832465E+02  0.185125361809E+04  0.718741621039E+01  0.406946140331E+01  0.636909986977E+01
  598   2  48    1500     500  0.640000000000E-01  0.800000000000E+00  0.208333330000E-01      127474   0  0.412393E+02  3030436f6d62696e6564206d756c7469706c65207265637572736976652067656e657261746f72000000000000000004580d1125000000000000000000000004b504f32d9a12407ee8ebe97c27bb2ee687b0b0fd7c3b999a1793a1c1292a54285bd64e7943746cd9 -0.422915236637E+00 -0.845911697982E+00  0.161013942824E+01  0.121666668613E-01  0.182110824673E-04  0.106802129851E+04  0.495352005786E+05  0.837940492399E+02  0.254881733234E+02  0.653520937282E+02  0.108877302547E+03  0.291267977431E+02  0.195997857532E+04  0.716408791684E+01  0.413063207193E+01  0.637942535619E+01
  598   2  48    1500     500  0.650000000000E-01  0.800000000000E+00  0.208333330000E-01      127387   0  0.415591E+02  3030436f6d62696e6564206d756c7469706c65207265637572736976652067656e657261746f72000000000000000004580d1125000000000000000000000004b504f32dd37420acf9dec69c27bb2ee687b0b0fd5af5697105fe3cb16e64b2e40a8a58b44cfdd813 -0.422800153240E+00 -0.846347018794E+00  0.161101795413E+01  0.150208335737E-01  0.241608800162E-04  0.120604462882E+04  0.622242468258E+05  0.820052727231E+02  0.250342490666E+02  0.640720771153E+02  0.104646753314E+03  0.325176514757E+02  0.243033459890E+04  0.717964489094E+01  0.399324588371E+01  0.621813821937E+01
  598   2  96    1500     500  0.660000000000E-01  0.800000000000E+00  0.104166670000E-01      995949   0  0.437408E+03  3030436f6d62696e6564206d756c7469706c65207265637572736976652067656e657261746f72000000000300000004580d1125000000000000000000000004b504f2eb27d0e1abf2b19afa27bb2ee687b0b0fd3e67f04f54ffeaa943e87f756637853f5d2f1fbe -0.422899371797E+00 -0.846248865151E+00  0.161094806634E+01  0.102708330047E-01  0.481951662818E-05  0.596030210565E+04  0.733423764755E+06  0.308639590873E+03  0.960553766713E+02  0.242451233651E+03  0.403822879390E+03  0.801936371528E+02  0.138349583951E+05  0.132989245410E+02  0.753309598618E+01  0.116469309256E+02
  598   2  48    1500     500  0.660000000000E-01  0.800000000000E+00  0.208333330000E-01      127524   0  0.415747E+02  3030436f6d62696e6564206d756c7469706c65207265637572736976652067656e657261746f72000000000000000004580d1125000000000000000000000004b504f32d787c0ebd92e74a4927bb2ee687b0b0fd444e85a52ccff0371278575b3b8210cb38590ed8 -0.422579200141E+00 -0.846111748615E+00  0.161023317810E+01  0.193958336437E-01  0.342520260110E-04  0.133510386225E+04  0.741342635557E+05  0.797620915824E+02  0.250141720885E+02  0.637480785601E+02  0.106302125103E+03  0.360172842882E+02  0.284170792436E+04  0.697086366176E+01  0.404208139565E+01  0.626534069083E+01
  598   2  48    1500     500  0.680000000000E-01  0.800000000000E+00  0.208333330000E-01      127598   0  0.415962E+02  3030436f6d62696e6564206d756c7469706c65207265637572736976652067656e657261746f72000000000000000004580d1125000000000000000000000004b504f32d5e36f18f34a0240527bb2ee687b0b0fd1860874c177230dd69cc5f2176b459342d15adb2 -0.422647496297E+00 -0.846170830645E+00  0.161124136009E+01  0.211250003380E-01  0.408528652370E-04  0.154794550970E+04  0.961637091430E+05  0.782992562801E+02  0.250690075211E+02  0.614912874020E+02  0.103839690215E+03  0.391952161458E+02  0.329172664814E+04  0.698118901021E+01  0.411512082920E+01  0.608992756704E+01
  598   2  48    1500     500  0.690000000000E-01  0.800000000000E+00  0.208333330000E-01      127556   0  0.416182E+02  3030436f6d62696e6564206d756c7469706c65207265637572736976652067656e657261746f72000000000000000004580d1125000000000000000000000004b504f32d7e72e049bfcd3e6327bb2ee687b0b0fd45c6e14451fd4ca417395ab34af47e96322267ef -0.422971337883E+00 -0.846098158120E+00  0.161185701029E+01  0.234791670423E-01  0.491355621288E-04  0.174424816637E+04  0.120564523742E+06  0.773872040254E+02  0.249154867308E+02  0.605166922723E+02  0.104326262715E+03  0.430942165799E+02  0.385595537690E+04  0.684934965957E+01  0.405879141454E+01  0.602510655371E+01
  598   2  48    1500     500  0.700000000000E-01  0.800000000000E+00  0.208333330000E-01      127727   0  0.416396E+02  3030436f6d62696e6564206d756c7469706c65207265637572736976652067656e657261746f72000000000000000004580d1125000000000000000000000004b504f32da550970cbdc82a6d27bb2ee687b0b0fd6b3c4b7060b5de1603515e282ed73a3345e5dd08 -0.423466947457E+00 -0.846196926565E+00  0.161195562835E+01  0.222916670233E-01  0.462058745819E-04  0.180357699770E+04  0.127984117323E+06  0.771274085567E+02  0.250245652055E+02  0.599972526212E+02  0.102781875888E+03  0.466577118056E+02  0.443091011131E+04  0.693933487147E+01  0.399120488246E+01  0.612756130972E+01
  598   2  96    1500     500  0.620000000000E-01  0.800000000000E+00  0.104166670000E-01      994561   0  0.431267E+03  3030436f6d62696e6564206d756c7469706c65207265637572736976652067656e657261746f72000000000100000004580d1125000000000000000000000004b504f305f551ebd4121646f827bb2ee687b0b0fd42474b611716a2325ecf1fdb393bae465c6e8993 -0.422892939886E+00 -0.845759921541E+00  0.160938750997E+01  0.168749994600E-02  0.434027763889E-06  0.189737516675E+04  0.934722024487E+05  0.311487770641E+03  0.992680708512E+02  0.249086889779E+03  0.385911456274E+03  0.337176037326E+02  0.297504065682E+04  0.134117752108E+02  0.788470592933E+01  0.121979767059E+02
  598   2  64    1500     500  0.610000000000E-01  0.800000000000E+00  0.156250000000E-01      298070   0  0.100170E+03  3030436f6d62696e6564206d756c7469706c65207265637572736976652067656e657261746f72000000000000000004580d1125000000000000000000000004b504f32d5b69e4d6a823cf9527bb2ee687b0b0fd0ff19f105b5af3b518a9bfb708ca70102348eb5f -0.422922316905E+00 -0.845619358063E+00  0.160917958050E+01  0.351562500000E-02  0.199127197266E-05  0.108618937507E+04  0.428234209408E+05  0.146005405618E+03  0.450554608810E+02  0.115089352581E+03  0.187817388400E+03  0.281160759277E+02  0.196139573459E+04  0.931529137892E+01  0.540471227363E+01  0.840646577036E+01
  598   2  96    1500     500  0.660000000000E-01  0.800000000000E+00  0.104166670000E-01      996636   0  0.436195E+03  3030436f6d62696e6564206d756c7469706c65207265637572736976652067656e657261746f72000000000200000004580d1125000000000000000000000004b504f2ede9da6dc3ea2ef5f527bb2ee687b0b0fd5bab7e5c38fb143719379cd40d677f1f5926c591 -0.422684560140E+00 -0.846274485224E+00  0.161054403330E+01  0.119374996180E-01  0.661892339931E-05  0.592678574733E+04  0.729400256269E+06  0.303964253536E+03  0.951875397146E+02  0.238602702695E+03  0.394270939586E+03  0.778635976562E+02  0.132818827845E+05  0.134037213219E+02  0.755483744398E+01  0.117707103503E+02
  598   2  64    1500     500  0.630000000000E-01  0.800000000000E+00  0.156250000000E-01      298343   0  0.100308E+03  3030436f6d62696e6564206d756c7469706c65207265637572736976652067656e657261746f72000000000000000004580d1125000000000000000000000004b504f32dae9ace7a7629198127bb2ee687b0b0fd21558d9c10c5c7da74626b727dbd236538a6bfb3 -0.423221091349E+00 -0.845695865631E+00  0.160958306537E+01  0.778125000000E-02  0.636291503906E-05  0.160565715860E+04  0.862527719082E+05  0.143910827657E+03  0.446735383304E+02  0.117672773050E+03  0.187179920946E+03  0.350552524414E+02  0.288921682565E+04  0.927791640334E+01  0.536607528776E+01  0.842220005007E+01
  598   2  96    1500     500  0.670000000000E-01  0.800000000000E+00  0.104166670000E-01      996142   0  0.438794E+03  3030436f6d62696e6564206d756c7469706c65207265637572736976652067656e657261746f72000000000300000004580d1125000000000000000000000004b504f2ebdacf7a5ac369899027bb2ee687b0b0fd0bacddd1487d2b1570c72d372b6e78c50fd13338 -0.422981827301E+00 -0.846233343006E+00  0.161097219795E+01  0.129687495850E-01  0.784640816905E-05  0.723797716851E+04  0.104847975297E+07  0.297996090081E+03  0.944860543324E+02  0.234519955018E+03  0.393261314364E+03  0.926891639540E+02  0.177708915980E+05  0.129457599485E+02  0.751765551455E+01  0.117247215207E+02
  598   2  64    1500     500  0.650000000000E-01  0.800000000000E+00  0.156250000000E-01      298539   0  0.100511E+03  3030436f6d62696e6564206d756c7469706c65207265637572736976652067656e657261746f72000000000000000004580d1125000000000000000000000004b504f32d52f83c56bf92cdc027bb2ee687b0b0fd1a20f4397af05efc670c9a881ff27dd02179781a -0.422952396654E+00 -0.846081748962E+00  0.161024251188E+01  0.113125000000E-01  0.106506347656E-04  0.207020643834E+04  0.135095341504E+06  0.145740178853E+03  0.435107453303E+02  0.115558035662E+03  0.189128782890E+03  0.431294462891E+02  0.419284042454E+04  0.933848048565E+01  0.529803821742E+01  0.823037927938E+01
  598   2  64    1500     500  0.670000000000E-01  0.800000000000E+00  0.156250000000E-01      298676   0  0.100759E+03  3030436f6d62696e6564206d756c7469706c65207265637572736976652067656e657261746f72000000000000000004580d1125000000000000000000000004b504f32d2d6dcaf8daa5c98727bb2ee687b0b0fd78cb4f05470d331c63fc75af5548d4177b9dbffb -0.423601857929E+00 -0.846023757935E+00  0.161098253965E+01  0.166875000000E-01  0.200042724609E-04  0.285362315874E+04  0.243685509575E+06  0.138924429663E+03  0.434197352284E+02  0.109766856695E+03  0.182772481653E+03  0.562233803711E+02  0.662222597992E+04  0.905356331265E+01  0.521293930661E+01  0.808790533943E+01
  598   2  96    1500     500  0.640000000000E-01  0.800000000000E+00  0.104166670000E-01      995591   0  0.433954E+03  3030436f6d62696e6564206d756c7469706c65207265637572736976652067656e657261746f72000000000100000004580d1125000000000000000000000004b504f305614eddcdec8bc94427bb2ee687b0b0fd7cf25f56420990221729b02c12a3ccc130068b8c -0.423123336980E+00 -0.845819812855E+00  0.160998936086E+01  0.524999983200E-02  0.177001947461E-05  0.381021042782E+04  0.315601715941E+06  0.315567451990E+03  0.965857790463E+02  0.252142608377E+03  0.421478560113E+03  0.555910588108E+02  0.722275377607E+04  0.134834290154E+02  0.772969821015E+01  0.122554220625E+02
  598   2  64    1500     500  0.690000000000E-01  0.800000000000E+00  0.156250000000E-01      298910   0  0.100872E+03  3030436f6d62696e6564206d756c7469706c65207265637572736976652067656e657261746f72000000000000000004580d1125000000000000000000000004b504f32df1ec2df936e75cdc27bb2ee687b0b0fd6759eadd7831679442030d0d4348a1e41bca3ed8 -0.423288128076E+00 -0.846415222168E+00  0.161220987605E+01  0.193125000000E-01  0.243988037109E-04  0.338248775255E+04  0.336752961348E+06  0.131160492101E+03  0.420177196915E+02  0.105190704393E+03  0.178989881041E+03  0.624285410156E+02  0.799383759358E+04  0.890977963575E+01  0.516782155912E+01  0.786636844117E+01
  598   2  96    1500     500  0.670000000000E-01  0.800000000000E+00  0.104166670000E-01      996558   0  0.437427E+03  3030436f6d62696e6564206d756c7469706c65207265637572736976652067656e657261746f72000000000200000004580d1125000000000000000000000004b504f2edc8f036dfbc7c999927bb2ee687b0b0fd2d9af2340d8901416657cfcc3c4bc9d72f4d9bda -0.423051466483E+00 -0.846271476417E+00  0.161084737224E+01  0.144166662053E-01  0.923213222772E-05  0.720424893537E+04  0.103381419457E+07  0.296100130340E+03  0.918411261706E+02  0.227893914197E+03  0.396592311913E+03  0.903153958333E+02  0.167145313962E+05  0.127984303470E+02  0.751822040169E+01  0.114576731409E+02
  598   2  96    1500     500  0.680000000000E-01  0.800000000000E+00  0.104166670000E-01      996169   0  0.440245E+03  3030436f6d62696e6564206d756c7469706c65207265637572736976652067656e657261746f72000000000300000004580d1125000000000000000000000004b504f2eb14c1ee13326063c927bb2ee687b0b0fd4e828ad90cf3b8d44ea943b202e0ea01742f51e8 -0.423304167979E+00 -0.846241626834E+00  0.161115945043E+01  0.168541661273E-01  0.113412358929E-04  0.858359811087E+04  0.143040267715E+07  0.284330480931E+03  0.914560122387E+02  0.224574988444E+03  0.385716408627E+03  0.102441578125E+03  0.211695048567E+05  0.126265671243E+02  0.745763906884E+01  0.114974307675E+02
  598   2  80    1500     500  0.610000000000E-01  0.800000000000E+00  0.125000000000E-01      578301   0  0.238863E+03  3030436f6d62696e6564206d756c7469706c65207265637572736976652067656e657261746f72000000000000000004580d1125000000000000000000000004b504f32daae1014c30a53e7c27bb2ee687b0b0fd43387afd36bdb2ad4c75cba21de466700d6b40dd -0.422747552696E+00 -0.845665992188E+00  0.160881378061E+01  0.180000000000E-02  0.644531250000E-06  0.120913671881E+04  0.467111188669E+05  0.217648557719E+03  0.701005753393E+02  0.176399731737E+03  0.268385630368E+03  0.274653428125E+02  0.199068518019E+04  0.113423818531E+02  0.661248424588E+01  0.102829052319E+02
  598   2  96    1500     500  0.650000000000E-01  0.800000000000E+00  0.104166670000E-01      995789   0  0.435462E+03  3030436f6d62696e6564206d756c7469706c65207265637572736976652067656e657261746f72000000000100000004580d1125000000000000000000000004b504f305c92f826664b1cc3e27bb2ee687b0b0fd7b3d934479d8f6e45b6e16ed3e930d961256dd61 -0.423004110067E+00 -0.845994584770E+00  0.161049773820E+01  0.820833307067E-02  0.327329271933E-05  0.493687503742E+04  0.505267954545E+06  0.311841545823E+03  0.963144391484E+02  0.243098325245E+03  0.423183173415E+03  0.670877560764E+02  0.102043393956E+05  0.135022033300E+02  0.762392279803E+01  0.119901406069E+02
  598   2  80    1500     500  0.630000000000E-01  0.800000000000E+00  0.125000000000E-01      578496   0  0.240052E+03  3030436f6d62696e6564206d756c7469706c65207265637572736976652067656e657261746f72000000000000000004580d1125000000000000000000000004b504f32d5588bca41ce35e8127bb2ee687b0b0fd14f62a532e5b2fab6d4da27f1c6d1d106e6617bb -0.422936825512E+00 -0.845898505859E+00  0.160985385737E+01  0.431250000000E-02  0.213281250000E-05  0.203276901684E+04  0.118850618350E+06  0.219456844675E+03  0.685495835705E+02  0.181305400082E+03  0.289560053819E+03  0.395434514062E+02  0.386918801411E+04  0.115436396046E+02  0.659590295448E+01  0.103096669416E+02
  598   2  96    1500     500  0.680000000000E-01  0.800000000000E+00  0.104166670000E-01      996345   0  0.438807E+03  3030436f6d62696e6564206d756c7469706c65207265637572736976652067656e657261746f72000000000200000004580d1125000000000000000000000004b504f2edd290134b892abb0827bb2ee687b0b0fd445d8fc576ac1be01208df752a4af7632b7bf6b0 -0.422949678426E+00 -0.846407403975E+00  0.161156181511E+01  0.156666661653E-01  0.105884689899E-04  0.829842021229E+04  0.134366660605E+07  0.292519329056E+03  0.920339612211E+02  0.222520856068E+03  0.399959764175E+03  0.995397673611E+02  0.200996843240E+05  0.130403485623E+02  0.755346281886E+01  0.114846104632E+02
  598   2  96    1500     500  0.690000000000E-01  0.800000000000E+00  0.104166670000E-01      996392   0  0.441645E+03  3030436f6d62696e6564206d756c7469706c65207265637572736976652067656e657261746f72000000000300000004580d1125000000000000000000000004b504f2eb6c86969c4d987b8e27bb2ee687b0b0fd6253a401176382766066202e5309bdcc0eae7db3 -0.422654983226E+00 -0.846549689362E+00  0.161164794497E+01  0.174166661093E-01  0.124737770893E-04  0.950485635470E+04  0.174680496988E+07  0.288602033708E+03  0.885303205133E+02  0.222519612288E+03  0.381098196419E+03  0.112245850694E+03  0.249524706136E+05  0.125242341470E+02  0.726162788802E+01  0.110673765491E+02
  598   2  80    1500     500  0.640000000000E-01  0.800000000000E+00  0.125000000000E-01      578707   0  0.240510E+03  3030436f6d62696e6564206d756c7469706c65207265637572736976652067656e657261746f72000000000000000004580d1125000000000000000000000004b504f32dcde519ffccb5cea127bb2ee687b0b0fd0840ad337fc44bcf12b1869272e1ee2944a0bd0e -0.423073541806E+00 -0.845927314453E+00  0.161020532276E+01  0.642500000000E-02  0.374218750000E-05  0.262447683880E+04  0.180990738500E+06  0.224298153908E+03  0.696850348515E+02  0.180546764284E+03  0.293458332568E+03  0.465905771875E+02  0.507820771492E+04  0.114165001942E+02  0.659406607837E+01  0.102930436690E+02
  598   2  96    1500     500  0.660000000000E-01  0.800000000000E+00  0.104166670000E-01      996251   0  0.436931E+03  3030436f6d62696e6564206d756c7469706c65207265637572736976652067656e657261746f72000000000100000004580d1125000000000000000000000004b504f305617c43060527519127bb2ee687b0b0fd121e24a632234d7b21217a900a55eeb23457727e -0.422736108060E+00 -0.846311437491E+00  0.161101201102E+01  0.113645829697E-01  0.565366373691E-05  0.618394874366E+04  0.778161634740E+06  0.310993481725E+03  0.933856698657E+02  0.240377668748E+03  0.401017284862E+03  0.779484996745E+02  0.130322440063E+05  0.129298496610E+02  0.761380945875E+01  0.115268656618E+02
  598   2  96    1500     500  0.690000000000E-01  0.800000000000E+00  0.104166670000E-01      995948   0  0.439938E+03  3030436f6d62696e6564206d756c7469706c65207265637572736976652067656e657261746f72000000000200000004580d1125000000000000000000000004b504f2ed00843f478de03fe727bb2ee687b0b0fd0f10d97f25be7dcc157927f577af45b45dff2dcc -0.423318239370E+00 -0.846157361016E+00  0.161158543642E+01  0.191145827217E-01  0.153311265349E-04  0.986440152608E+04  0.184929338161E+07  0.287448741754E+03  0.878047998608E+02  0.219751509361E+03  0.375777037514E+03  0.119761801975E+03  0.277727785635E+05  0.125931304561E+02  0.732591144871E+01  0.111510576659E+02
  598   2  80    1500     500  0.660000000000E-01  0.800000000000E+00  0.125000000000E-01      578896   0  0.241944E+03  3030436f6d62696e6564206d756c7469706c65207265637572736976652067656e657261746f72000000000000000004580d1125000000000000000000000004b504f32d8378896da31e334c27bb2ee687b0b0fd7f1270be129bcff364e868245deb016f1b5d89ce -0.422957987846E+00 -0.846217953125E+00  0.161088676374E+01  0.124625000000E-01  0.861718750000E-05  0.407834937219E+04  0.403187488956E+06  0.216529147944E+03  0.650952540569E+02  0.166554432368E+03  0.285985618147E+03  0.663056692187E+02  0.942602427716E+04  0.110458729806E+02  0.643397141676E+01  0.982435847987E+01
  598   2  96    1500     500  0.700000000000E-01  0.800000000000E+00  0.104166670000E-01      996469   0  0.442762E+03  3030436f6d62696e6564206d756c7469706c65207265637572736976652067656e657261746f72000000000300000004580d1125000000000000000000000004b504f2eba1625c5b6d49f0ea27bb2ee687b0b0fd633547f842eb4ea27c372e630b00ec1050ae9058 -0.423165600224E+00 -0.846480602084E+00  0.161184566827E+01  0.221770826237E-01  0.201122136215E-04  0.105885261281E+05  0.217328934829E+07  0.281053691495E+03  0.884507015017E+02  0.221151617051E+03  0.369693982650E+03  0.122445233832E+03  0.298755953683E+05  0.121395259402E+02  0.732506258168E+01  0.109318370945E+02
  598   2  48    1500     500  0.610000000000E-01  0.800000000000E+00  0.208333330000E-01      127460   0  0.412715E+02  3030436f6d62696e6564206d756c7469706c65207265637572736976652067656e657261746f72000000000300000004580d1125000000000000000000000004b504f2ebc3733f50b4ebcd7927bb2ee687b0b0fd27a8ef72639ae4433b5b052b1dec554806b18134 -0.422736459142E+00 -0.845891117831E+00  0.160976640199E+01  0.839583346767E-02  0.121708624633E-04  0.793967578667E+03  0.294002644216E+05  0.835884653911E+02  0.253849586347E+02  0.657095897397E+02  0.107440878098E+03  0.237756349826E+02  0.140135631035E+04  0.708349946857E+01  0.411693481516E+01  0.634781560666E+01
  598   2  48    1500     500  0.620000000000E-01  0.800000000000E+00  0.208333330000E-01      127284   0  0.412842E+02  3030436f6d62696e6564206d756c7469706c65207265637572736976652067656e657261746f72000000000300000004580d1125000000000000000000000004b504f2eb804b1f167a8a25ad27bb2ee687b0b0fd1b3b34810edda25f680d5fce4d1b1bb40a0ef6a2 -0.422434484728E+00 -0.846110573123E+00  0.161001670262E+01  0.979166682333E-02  0.122432004274E-04  0.882039099116E+03  0.352464562299E+05  0.813229555299E+02  0.256239789996E+02  0.649973864233E+02  0.107679042134E+03  0.272145095486E+02  0.176725807214E+04  0.714544694112E+01  0.408677881294E+01  0.634891781553E+01
  598   2  80    1500     500  0.670000000000E-01  0.800000000000E+00  0.125000000000E-01      579141   0  0.242603E+03  3030436f6d62696e6564206d756c7469706c65207265637572736976652067656e657261746f72000000000000000004580d1125000000000000000000000004b504f32d4bd3dfcf0a4422ef27bb2ee687b0b0fd344026af304804ad4f4ef4ae23d7f2771b3a2153 -0.422982629668E+00 -0.846317441406E+00  0.161145508451E+01  0.141250000000E-01  0.111875000000E-04  0.472577366380E+04  0.532738380414E+06  0.206071784375E+03  0.655523990022E+02  0.165179578271E+03  0.287781379891E+03  0.746584909375E+02  0.115562134242E+05  0.107950378488E+02  0.632105773274E+01  0.971224847720E+01
  598   2  48    1500     500  0.630000000000E-01  0.800000000000E+00  0.208333330000E-01      127596   0  0.413115E+02  3030436f6d62696e6564206d756c7469706c65207265637572736976652067656e657261746f72000000000300000004580d1125000000000000000000000004b504f2eb2e9c3f095dc1114927bb2ee687b0b0fd36dbff1140e89ded3115127634b1750545cb4b6d -0.422455487729E+00 -0.846069512288E+00  0.160949463071E+01  0.105000001680E-01  0.141601564766E-04  0.936291171007E+03  0.385123022917E+05  0.824572666006E+02  0.254544300909E+02  0.652295695816E+02  0.106914843714E+03  0.281486571181E+02  0.185564545161E+04  0.715573888632E+01  0.412281120579E+01  0.634191422768E+01
  598   2  96    1500     500  0.670000000000E-01  0.800000000000E+00  0.104166670000E-01      996123   0  0.438299E+03  3030436f6d62696e6564206d756c7469706c65207265637572736976652067656e657261746f72000000000100000004580d1125000000000000000000000004b504f3057078bbde3212f44e27bb2ee687b0b0fd1bb5927538934d4b1de42d5c43190dca651ad6a6 -0.422964967126E+00 -0.846057740335E+00  0.161084633576E+01  0.129270829197E-01  0.695574702857E-05  0.739626131035E+04  0.106729064698E+07  0.295269144286E+03  0.933948872744E+02  0.229574906099E+03  0.395399252393E+03  0.906223892144E+02  0.166793739741E+05  0.127756840892E+02  0.753821087267E+01  0.115952846715E+02
  598   2  48    1500     500  0.650000000000E-01  0.800000000000E+00  0.208333330000E-01      127544   0  0.416064E+02  3030436f6d62696e6564206d756c7469706c65207265637572736976652067656e657261746f72000000000300000004580d1125000000000000000000000004b504f2eb1a1a37d5e551531127bb2ee687b0b0fd4a9e2fab5be2482918920be97270ec8c22091939 -0.423017363288E+00 -0.845781335932E+00  0.160966010731E+01  0.153958335797E-01  0.269820606169E-04  0.124597036756E+04  0.640867485080E+05  0.820336444286E+02  0.252502009487E+02  0.635796982816E+02  0.104995342667E+03  0.341943276910E+02  0.260930614141E+04  0.716999050373E+01  0.410205811909E+01  0.632215356312E+01
  598   2  48    1500     500  0.660000000000E-01  0.800000000000E+00  0.208333330000E-01      127494   0  0.416309E+02  3030436f6d62696e6564206d756c7469706c65207265637572736976652067656e657261746f72000000000300000004580d1125000000000000000000000004b504f2ebbc633dc6ca15ed0727bb2ee687b0b0fd5292931376b0d5d70b75b8f34e1971d714234922 -0.422177429960E+00 -0.846488611312E+00  0.161079516669E+01  0.177916669513E-01  0.313404229552E-04  0.132350644187E+04  0.731087362838E+05  0.830151695531E+02  0.249849173080E+02  0.636122048491E+02  0.107197980270E+03  0.348553671875E+02  0.271196591492E+04  0.707206824927E+01  0.402937926674E+01  0.618340236607E+01
  598   2  48    1500     500  0.670000000000E-01  0.800000000000E+00  0.208333330000E-01      127725   0  0.416436E+02  3030436f6d62696e6564206d756c7469706c65207265637572736976652067656e657261746f72000000000300000004580d1125000000000000000000000004b504f2eba5031e3a773d771227bb2ee687b0b0fd5d23b24b29d30b502a07510e64c6df024b3aa4a6 -0.423439365113E+00 -0.846252328402E+00  0.161146655562E+01  0.187500003000E-01  0.346679693047E-04  0.141296374594E+04  0.820195997967E+05  0.801935976587E+02  0.253726067945E+02  0.636867499963E+02  0.108641913827E+03  0.377140902778E+02  0.310715116513E+04  0.698768136408E+01  0.410236485156E+01  0.619379241606E+01
  598   2  96    1500     500  0.700000000000E-01  0.800000000000E+00  0.104166670000E-01      997010   0  0.441199E+03  3030436f6d62696e6564206d756c7469706c65207265637572736976652067656e657261746f72000000000200000004580d1125000000000000000000000004b504f2ed799813e1db1bc54127bb2ee687b0b0fd0b4ba9a94f79de74087da7193e978c7b53f9d31e -0.423303452760E+00 -0.846278434425E+00  0.161205987341E+01  0.204791660113E-01  0.175057864769E-04  0.108364059023E+05  0.220494124729E+07  0.277501422822E+03  0.871990845982E+02  0.218572048939E+03  0.372492930429E+03  0.126282465278E+03  0.307459549013E+05  0.121013359316E+02  0.746586875160E+01  0.111643208644E+02
  598   2  48    1500     500  0.690000000000E-01  0.800000000000E+00  0.208333330000E-01      127742   0  0.416680E+02  3030436f6d62696e6564206d756c7469706c65207265637572736976652067656e657261746f72000000000300000004580d1125000000000000000000000004b504f2eb31e52ec393502c1e27bb2ee687b0b0fd62e8aad91aba40d146ce617a04ca0f243dcdc72b -0.422580480607E+00 -0.846234840699E+00  0.161037909585E+01  0.239583337167E-01  0.482494220683E-04  0.165597715811E+04  0.110055145165E+06  0.781905954218E+02  0.245698020107E+02  0.628852483482E+02  0.102675651177E+03  0.421490147569E+02  0.379982227873E+04  0.676195998768E+01  0.401451118075E+01  0.612399343899E+01
  598   2  48    1500     500  0.600000000000E-01  0.800000000000E+00  0.208333330000E-01      127302   0  0.411885E+02  3030436f6d62696e6564206d756c7469706c65207265637572736976652067656e657261746f72000000000200000004580d1125000000000000000000000004b504f2ed626e4d71ad81b04027bb2ee687b0b0fd776e1af077a735d20a59f7b61379cbb977544381 -0.423288547421E+00 -0.845224478302E+00  0.160836658096E+01  0.714583344767E-02  0.934968186256E-05  0.712731283100E+03  0.242140833420E+05  0.819388331790E+02  0.261854529411E+02  0.670491111893E+02  0.108759771260E+03  0.228342296007E+02  0.129531955569E+04  0.727611547479E+01  0.419778771661E+01  0.650482218068E+01
  598   2  48    1500     500  0.700000000000E-01  0.800000000000E+00  0.208333330000E-01      127660   0  0.416787E+02  3030436f6d62696e6564206d756c7469706c65207265637572736976652067656e657261746f72000000000300000004580d1125000000000000000000000004b504f2eb8d377046302805e727bb2ee687b0b0fd4484531262049ea41c599b2156df9b2772ffaf5c -0.423729272475E+00 -0.846293515829E+00  0.161249840399E+01  0.236666670453E-01  0.536386003953E-04  0.179051625302E+04  0.123747351230E+06  0.787000330550E+02  0.242930529542E+02  0.611032420071E+02  0.103654932854E+03  0.451417821181E+02  0.413984500020E+04  0.685280253011E+01  0.395408053156E+01  0.605422740244E+01
  598   2  80    1500     500  0.680000000000E-01  0.800000000000E+00  0.125000000000E-01      579310   0  0.243529E+03  3030436f6d62696e6564206d756c7469706c65207265637572736976652067656e657261746f72000000000000000004580d1125000000000000000000000004b504f32d0b070a7808f05dea27bb2ee687b0b0fd2335eb3e6e90a2d40cc5a18014e65fde567afaa3 -0.422593279646E+00 -0.846603011719E+00  0.161139882326E+01  0.177875000000E-01  0.151914062500E-04  0.517132676529E+04  0.633896461293E+06  0.206127482446E+03  0.648036304971E+02  0.166855600083E+03  0.276103864828E+03  0.786241757813E+02  0.127054291263E+05  0.108834511359E+02  0.640276012521E+01  0.987561782910E+01
  598   2  48    1500     500  0.620000000000E-01  0.800000000000E+00  0.208333330000E-01      127285   0  0.415156E+02  3030436f6d62696e6564206d756c7469706c65207265637572736976652067656e657261746f72000000000200000004580d1125000000000000000000000004b504f2eddf2a7dad8355de9627bb2ee687b0b0fd55f14b2a045c9b8e75d752e9438554c276f17268 -0.422881839968E+00 -0.845573237701E+00  0.160964399565E+01  0.981250015700E-02  0.147569446806E-04  0.908293106639E+03  0.372865905183E+05  0.831582078664E+02  0.253964634494E+02  0.661560306676E+02  0.110163613426E+03  0.275841662326E+02  0.180993144917E+04  0.706590759850E+01  0.414567035923E+01  0.646771376992E+01
  598   2  48    1500     500  0.630000000000E-01  0.800000000000E+00  0.208333330000E-01      127410   0  0.415420E+02  3030436f6d62696e6564206d756c7469706c65207265637572736976652067656e657261746f72000000000200000004580d1125000000000000000000000004b504f2edccc2a7bf743427d327bb2ee687b0b0fd1044e8b02ff50f940b3d4a7728d33a7f4111b7d7 -0.423189750205E+00 -0.845593899231E+00  0.160943051117E+01  0.105000001680E-01  0.155164933038E-04  0.100195745391E+04  0.440691871717E+05  0.817270419236E+02  0.257813054289E+02  0.657377269125E+02  0.107857016328E+03  0.287112317708E+02  0.194522613638E+04  0.710940641449E+01  0.411283269022E+01  0.640912984901E+01
  598   2  64    1500     500  0.610000000000E-01  0.800000000000E+00  0.156250000000E-01      298663   0  0.101015E+03  3030436f6d62696e6564206d756c7469706c65207265637572736976652067656e657261746f72000000000300000004580d1125000000000000000000000004b504f2eb4377020ca96c72ab27bb2ee687b0b0fd5bb4f6344c026cf132e8b6b973b5e88671d23a79 -0.422889517219E+00 -0.845553096771E+00  0.160877450188E+01  0.432812500000E-02  0.298309326172E-05  0.110132376543E+04  0.453079564814E+05  0.143324344236E+03  0.449714324423E+02  0.117369040080E+03  0.184771293261E+03  0.297731921387E+02  0.226051151236E+04  0.940232765133E+01  0.529785387971E+01  0.839870389497E+01
  598   2  48    1500     500  0.640000000000E-01  0.800000000000E+00  0.208333330000E-01      127213   0  0.415420E+02  3030436f6d62696e6564206d756c7469706c65207265637572736976652067656e657261746f72000000000200000004580d1125000000000000000000000004b504f2ed823364806548ebbe27bb2ee687b0b0fd373cc56e404e79a4552cc4a217327d6843c21a2b -0.422795755854E+00 -0.845904373763E+00  0.160965283121E+01  0.122500001960E-01  0.178493926467E-04  0.106747686049E+04  0.487285546867E+05  0.824208994386E+02  0.256647215942E+02  0.648652339639E+02  0.106991681918E+03  0.299685399306E+02  0.206865489605E+04  0.710906784262E+01  0.412134529599E+01  0.624189740555E+01
  598   2  48    1500     500  0.660000000000E-01  0.800000000000E+00  0.208333330000E-01      127292   0  0.415723E+02  3030436f6d62696e6564206d756c7469706c65207265637572736976652067656e657261746f72000000000200000004580d1125000000000000000000000004b504f2ed440727163690d0c227bb2ee687b0b0fd6abbb7c141910cb5631ca68d022a31126e2ca51a -0.422629240680E+00 -0.846207849597E+00  0.161056273407E+01  0.182500002920E-01  0.330946185851E-04  0.137161081837E+04  0.768396586181E+05  0.790944460248E+02  0.254024141891E+02  0.627683557000E+02  0.102504655303E+03  0.366281701389E+02  0.291230981834E+04  0.703785359365E+01  0.409703494192E+01  0.614974067564E+01
  598   2  48    1500     500  0.670000000000E-01  0.800000000000E+00  0.208333330000E-01      127616   0  0.415923E+02  3030436f6d62696e6564206d756c7469706c65207265637572736976652067656e657261746f72000000000200000004580d1125000000000000000000000004b504f2edf0cbcdada1165a1227bb2ee687b0b0fd0350ffdc624df2da49595566187338c00c7d2ca7 -0.422800304106E+00 -0.846044383888E+00  0.160967761573E+01  0.174583336127E-01  0.301287620561E-04  0.141759124276E+04  0.829348218899E+05  0.798234250840E+02  0.251185534800E+02  0.617940090562E+02  0.107473280097E+03  0.376840060764E+02  0.310737593841E+04  0.693390209022E+01  0.405664145001E+01  0.620530768189E+01
  598   2  64    1500     500  0.630000000000E-01  0.800000000000E+00  0.156250000000E-01      298415   0  0.101149E+03  3030436f6d62696e6564206d756c7469706c65207265637572736976652067656e657261746f72000000000300000004580d1125000000000000000000000004b504f2eb21798f73fdddacd427bb2ee687b0b0fd55e437f406d19af161e249e33bf3d4ad0ec68e50 -0.423032921892E+00 -0.845905811310E+00  0.161038790860E+01  0.817187500000E-02  0.728607177734E-05  0.160983290409E+04  0.897769104254E+05  0.141970824276E+03  0.443679633219E+02  0.115695527461E+03  0.187015234700E+03  0.367721618652E+02  0.321658177976E+04  0.914497901172E+01  0.534822324795E+01  0.821201139688E+01
  598   2  48    1500     500  0.680000000000E-01  0.800000000000E+00  0.208333330000E-01      127638   0  0.415996E+02  3030436f6d62696e6564206d756c7469706c65207265637572736976652067656e657261746f72000000000200000004580d1125000000000000000000000004b504f2edca5f5c13e19f744927bb2ee687b0b0fd471e9adf3c2750c25e26a1ae04d010a04ddb14b7 -0.422203233164E+00 -0.846608430103E+00  0.161078661082E+01  0.214583336767E-01  0.429325817054E-04  0.150496757262E+04  0.942093937925E+05  0.803088764777E+02  0.245955706328E+02  0.619133786132E+02  0.105438308261E+03  0.392071310764E+02  0.328924205224E+04  0.701583340275E+01  0.406683949857E+01  0.608915372847E+01
  598   2  96    1500     500  0.680000000000E-01  0.800000000000E+00  0.104166670000E-01      996255   0  0.439612E+03  3030436f6d62696e6564206d756c7469706c65207265637572736976652067656e657261746f72000000000100000004580d1125000000000000000000000004b504f305790725ef8ac5792727bb2ee687b0b0fd76af5f1610fb574727e6effa237805961dc3563d -0.423123262605E+00 -0.846228898743E+00  0.161136886241E+01  0.162916661453E-01  0.112734190548E-04  0.856877230121E+04  0.140225615028E+07  0.291735041919E+03  0.908803688160E+02  0.229345204387E+03  0.383383421698E+03  0.104906858507E+03  0.218862741804E+05  0.126129683965E+02  0.730241406644E+01  0.116447075654E+02
  598   2  64    1500     500  0.650000000000E-01  0.800000000000E+00  0.156250000000E-01      298790   0  0.101358E+03  3030436f6d62696e6564206d756c7469706c65207265637572736976652067656e657261746f72000000000300000004580d1125000000000000000000000004b504f2eb0c60fdf5abe1cc4127bb2ee687b0b0fd3ffdf51a6caa74fa48748c8f3843bb5616bd334d -0.422836406879E+00 -0.846141403198E+00  0.161065619357E+01  0.120937500000E-01  0.111236572266E-04  0.216969125529E+04  0.146376963944E+06  0.144572622741E+03  0.433616143129E+02  0.109985873135E+03  0.186261723728E+03  0.432721508789E+02  0.417328670258E+04  0.915143221276E+01  0.529327950935E+01  0.807682237530E+01
  598   2  64    1500     500  0.670000000000E-01  0.800000000000E+00  0.156250000000E-01      298786   0  0.101490E+03  3030436f6d62696e6564206d756c7469706c65207265637572736976652067656e657261746f72000000000300000004580d1125000000000000000000000004b504f2eb364b3c386554606c27bb2ee687b0b0fd232a6cb534d72dd04c66ab3604e103df26a5e1aa -0.422976396052E+00 -0.846143325806E+00  0.161054480849E+01  0.147656250000E-01  0.154724121094E-04  0.279396900489E+04  0.235089759542E+06  0.138929524864E+03  0.428710636435E+02  0.109802597803E+03  0.184544516600E+03  0.537922312012E+02  0.618936509830E+04  0.913395498672E+01  0.522718343563E+01  0.821200920648E+01
